
<!DOCTYPE html
  PUBLIC "-//W3C//DTD HTML 4.01 Transitional//EN">
<html><head>
      <meta http-equiv="Content-Type" content="text/html; charset=utf-8">
   <!--
This HTML was auto-generated from MATLAB code.
To make changes, update the MATLAB code and republish this document.
      --><title>Homework 3</title><meta name="generator" content="MATLAB 8.4"><link rel="schema.DC" href="http://purl.org/dc/elements/1.1/"><meta name="DC.date" content="2017-11-05"><meta name="DC.source" content="Homework3.m"><style type="text/css">
html,body,div,span,applet,object,iframe,h1,h2,h3,h4,h5,h6,p,blockquote,pre,a,abbr,acronym,address,big,cite,code,del,dfn,em,font,img,ins,kbd,q,s,samp,small,strike,strong,sub,sup,tt,var,b,u,i,center,dl,dt,dd,ol,ul,li,fieldset,form,label,legend,table,caption,tbody,tfoot,thead,tr,th,td{margin:0;padding:0;border:0;outline:0;font-size:100%;vertical-align:baseline;background:transparent}body{line-height:1}ol,ul{list-style:none}blockquote,q{quotes:none}blockquote:before,blockquote:after,q:before,q:after{content:'';content:none}:focus{outine:0}ins{text-decoration:none}del{text-decoration:line-through}table{border-collapse:collapse;border-spacing:0}

html { min-height:100%; margin-bottom:1px; }
html body { height:100%; margin:0px; font-family:Arial, Helvetica, sans-serif; font-size:10px; color:#000; line-height:140%; background:#fff none; overflow-y:scroll; }
html body td { vertical-align:top; text-align:left; }

h1 { padding:0px; margin:0px 0px 25px; font-family:Arial, Helvetica, sans-serif; font-size:1.5em; color:#d55000; line-height:100%; font-weight:normal; }
h2 { padding:0px; margin:0px 0px 8px; font-family:Arial, Helvetica, sans-serif; font-size:1.2em; color:#000; font-weight:bold; line-height:140%; border-bottom:1px solid #d6d4d4; display:block; }
h3 { padding:0px; margin:0px 0px 5px; font-family:Arial, Helvetica, sans-serif; font-size:1.1em; color:#000; font-weight:bold; line-height:140%; }

a { color:#005fce; text-decoration:none; }
a:hover { color:#005fce; text-decoration:underline; }
a:visited { color:#004aa0; text-decoration:none; }

p { padding:0px; margin:0px 0px 20px; }
img { padding:0px; margin:0px 0px 20px; border:none; }
p img, pre img, tt img, li img, h1 img, h2 img { margin-bottom:0px; } 

ul { padding:0px; margin:0px 0px 20px 23px; list-style:square; }
ul li { padding:0px; margin:0px 0px 7px 0px; }
ul li ul { padding:5px 0px 0px; margin:0px 0px 7px 23px; }
ul li ol li { list-style:decimal; }
ol { padding:0px; margin:0px 0px 20px 0px; list-style:decimal; }
ol li { padding:0px; margin:0px 0px 7px 23px; list-style-type:decimal; }
ol li ol { padding:5px 0px 0px; margin:0px 0px 7px 0px; }
ol li ol li { list-style-type:lower-alpha; }
ol li ul { padding-top:7px; }
ol li ul li { list-style:square; }

.content { font-size:1.2em; line-height:140%; padding: 20px; }

pre, code { font-size:12px; }
tt { font-size: 1.2em; }
pre { margin:0px 0px 20px; }
pre.codeinput { padding:10px; border:1px solid #d3d3d3; background:#f7f7f7; }
pre.codeoutput { padding:10px 11px; margin:0px 0px 20px; color:#4c4c4c; }
pre.error { color:red; }

@media print { pre.codeinput, pre.codeoutput { word-wrap:break-word; width:100%; } }

span.keyword { color:#0000FF }
span.comment { color:#228B22 }
span.string { color:#A020F0 }
span.untermstring { color:#B20000 }
span.syscmd { color:#B28C00 }

.footer { width:auto; padding:10px 0px; margin:25px 0px 0px; border-top:1px dotted #878787; font-size:0.8em; line-height:140%; font-style:italic; color:#878787; text-align:left; float:none; }
.footer p { margin:0px; }
.footer a { color:#878787; }
.footer a:hover { color:#878787; text-decoration:underline; }
.footer a:visited { color:#878787; }

table th { padding:7px 5px; text-align:left; vertical-align:middle; border: 1px solid #d6d4d4; font-weight:bold; }
table td { padding:7px 5px; text-align:left; vertical-align:top; border:1px solid #d6d4d4; }





  </style></head><body><div class="content"><h1>Homework 3</h1><!--introduction--><!--/introduction--><h2>Contents</h2><div><ul><li><a href="#1">Part A</a></li><li><a href="#2">Part B</a></li></ul></div><h2>Part A<a name="1"></a></h2><pre class="codeinput">Y=1.1:0.01:3;
theta=ones(length(Y),2);
<span class="keyword">for</span> j=1:length(Y)
theta(j,:)=HW3a(Y(j),1);
<span class="keyword">end</span>

plot(Y,theta(:,1))
</pre><img vspace="5" hspace="5" src="Homework3_01.png" alt=""> <h2>Part B<a name="2"></a></h2><pre class="codeinput">load(<span class="string">'hw3.mat'</span>)
n=length(y);
</pre><p>Question 1</p><pre class="codeinput">binit=[0;0;0;0;0;0];
</pre><p>(1) Fminunc</p><pre class="codeinput">options = optimoptions(<span class="string">'fminunc'</span>,<span class="string">'GradObj'</span>,<span class="string">'off'</span>,<span class="string">'Algorithm'</span>,<span class="string">'quasi-newton'</span>,<span class="string">'HessUpdate'</span>,<span class="string">'bfgs'</span>);
[bhat1,MLHV1,exitflag1,output1]=fminunc(@llh,binit,options);
bhat1
output1.iterations
output1.funcCount
</pre><pre class="codeoutput">
Local minimum found.

Optimization completed because the size of the gradient is less than
the default value of the function tolerance.




bhat1 =

    2.5339
   -0.0323
    0.1157
   -0.3540
    0.0798
   -0.4094


ans =

    54


ans =

   427

</pre><p>(2) Fminunc with derivative</p><pre class="codeinput">options = optimoptions(<span class="string">'fminunc'</span>,<span class="string">'GradObj'</span>,<span class="string">'on'</span>,<span class="string">'Algorithm'</span>,<span class="string">'quasi-newton'</span>,<span class="string">'HessUpdate'</span>,<span class="string">'bfgs'</span>);
[bhat2,MLHV2,exitflag2,output2]=fminunc(@llh,binit,options);
bhat2
output2.iterations
output2.funcCount
</pre><pre class="codeoutput">
Local minimum found.

Optimization completed because the size of the gradient is less than
the default value of the function tolerance.




bhat2 =

    2.5339
   -0.0323
    0.1157
   -0.3540
    0.0798
   -0.4094


ans =

    54


ans =

    61

</pre><p>(3) Nelder Mead</p><pre class="codeinput">options = optimset(<span class="string">'MaxIter'</span>,2000,<span class="string">'MaxFunEvals'</span>,2000,<span class="string">'TolX'</span>,0.0000001,<span class="string">'TolFun'</span>,0.0000001);
[bhat3,MLHV3,exitflag3,output3]=fminsearch(@llh,binit,options);
output3.iterations
output3.funcCount
</pre><pre class="codeoutput">
ans =

        1079


ans =

        1702

</pre><p>(4) BHHH</p><pre class="codeinput">betaold=binit;
iter=1000;
<span class="keyword">for</span> i=1:iter
betanew=betaold+(sdi(betaold)'*sdi(betaold))^-1*gradi(betaold); <span class="comment">%sgradi(betaold)</span>
    <span class="keyword">if</span> norm(betanew-betaold)&lt;0.00000001
        <span class="keyword">break</span>
    <span class="keyword">else</span>
        betaold=betanew;
    <span class="keyword">end</span>
<span class="keyword">end</span>
bhat4=betanew;
bhat4
i
</pre><pre class="codeoutput">
bhat4 =

    2.5339
   -0.0323
    0.1157
   -0.3540
    0.0798
   -0.4094


i =

   142

</pre><p>Question 2</p><p>initial Hessian &amp; eigenvalues</p><pre class="codeinput">heini=-(sdi(binit)'*sdi(binit))
eini=eig(heini)
</pre><pre class="codeoutput">
heini =

   1.0e+06 *

   -0.0067   -0.2312   -0.0717   -0.0181   -0.0292   -0.0212
   -0.2312   -8.4971   -2.6885   -0.6442   -1.0265   -0.7356
   -0.0717   -2.6885   -0.9335   -0.2033   -0.3163   -0.2163
   -0.0181   -0.6442   -0.2033   -0.0577   -0.0782   -0.0558
   -0.0292   -1.0265   -0.3163   -0.0782   -0.1473   -0.0962
   -0.0212   -0.7356   -0.2163   -0.0558   -0.0962   -0.0789


eini =

   1.0e+06 *

   -9.5972
   -0.0828
   -0.0229
   -0.0094
   -0.0087
   -0.0002

</pre><p>estimated Hessian &amp; eigenvalues</p><pre class="codeinput">hees=-(sdi(bhat4)'*sdi(bhat4))
ees=eig(hees)
</pre><pre class="codeoutput">
hees =

   1.0e+06 *

   -0.0056   -0.1946   -0.0585   -0.0153   -0.0245   -0.0184
   -0.1946   -7.2680   -2.2335   -0.5504   -0.8721   -0.6416
   -0.0585   -2.2335   -0.7574   -0.1682   -0.2616   -0.1840
   -0.0153   -0.5504   -0.1682   -0.0488   -0.0666   -0.0491
   -0.0245   -0.8721   -0.2616   -0.0666   -0.1238   -0.0833
   -0.0184   -0.6416   -0.1840   -0.0491   -0.0833   -0.0707


ees =

   1.0e+06 *

   -8.1680
   -0.0706
   -0.0002
   -0.0197
   -0.0070
   -0.0087

</pre><p>Question 3</p><pre class="codeinput">options = optimoptions(<span class="string">'fminunc'</span>,<span class="string">'Display'</span>,<span class="string">'iter'</span>,<span class="string">'GradObj'</span>,<span class="string">'off'</span>,<span class="string">'Algorithm'</span>,<span class="string">'quasi-newton'</span>,<span class="string">'HessUpdate'</span>,<span class="string">'bfgs'</span>);
[bnls,nlsv,exitflag4,output4]=fminunc(@NLLS,binit);
bnls
output4.iterations
output4.funcCount
</pre><pre class="codeoutput">Warning: Gradient must be provided for trust-region algorithm; using
quasi-newton algorithm instead. 

Local minimum found.

Optimization completed because the size of the gradient is less than
the default value of the function tolerance.




bnls =

    2.5125
   -0.0384
    0.1141
   -0.2796
    0.0676
   -0.3698


ans =

    55


ans =

   448

</pre><p>Question 4</p><p>Covairance Matrix for BHHH estimator</p><pre class="codeinput">covmle=(sdi(bhat4)'*sdi(bhat4)/n)^-1
</pre><pre class="codeoutput">
covmle =

    3.1471   -0.0368    0.0049   -0.2240   -0.1034   -0.2215
   -0.0368    0.0031   -0.0041   -0.0037   -0.0018   -0.0034
    0.0049   -0.0041    0.0102    0.0003    0.0002    0.0090
   -0.2240   -0.0037    0.0003    0.1011    0.0058    0.0141
   -0.1034   -0.0018    0.0002    0.0058    0.0402   -0.0090
   -0.2215   -0.0034    0.0090    0.0141   -0.0090    0.0744

</pre><p>Covairance Matrix for NLS estimator</p><pre class="codeinput">covnls=(lsdi(bnls)'*lsdi(bnls)/n)^-1
</pre><pre class="codeoutput">
covnls =

    9.5626   -0.1678    0.0193   -0.4517   -0.2720   -0.4982
   -0.1678    0.0094   -0.0104   -0.0031   -0.0054   -0.0012
    0.0193   -0.0104    0.0262   -0.0101    0.0064    0.0090
   -0.4517   -0.0031   -0.0101    0.2498    0.0077    0.0023
   -0.2720   -0.0054    0.0064    0.0077    0.0877   -0.0094
   -0.4982   -0.0012    0.0090    0.0023   -0.0094    0.1760

</pre><p class="footer"><br><a href="http://www.mathworks.com/products/matlab/">Published with MATLAB&reg; R2014b</a><br></p></div><!--
##### SOURCE BEGIN #####
%% Homework 3
%
%
%% Part A
Y=1.1:0.01:3;
theta=ones(length(Y),2);
for j=1:length(Y)
theta(j,:)=HW3a(Y(j),1);
end
    
plot(Y,theta(:,1))

%% Part B
load('hw3.mat')
n=length(y);
%%
% Question 1 
binit=[0;0;0;0;0;0];
%%
% (1) Fminunc
options = optimoptions('fminunc','GradObj','off','Algorithm','quasi-newton','HessUpdate','bfgs');
[bhat1,MLHV1,exitflag1,output1]=fminunc(@llh,binit,options);
bhat1
output1.iterations
output1.funcCount
%%
% (2) Fminunc with derivative
options = optimoptions('fminunc','GradObj','on','Algorithm','quasi-newton','HessUpdate','bfgs');
[bhat2,MLHV2,exitflag2,output2]=fminunc(@llh,binit,options);
bhat2
output2.iterations
output2.funcCount
%%
% (3) Nelder Mead
options = optimset('MaxIter',2000,'MaxFunEvals',2000,'TolX',0.0000001,'TolFun',0.0000001);
[bhat3,MLHV3,exitflag3,output3]=fminsearch(@llh,binit,options);
output3.iterations
output3.funcCount
%%
% (4) BHHH
betaold=binit;
iter=1000;
for i=1:iter
betanew=betaold+(sdi(betaold)'*sdi(betaold))^-1*gradi(betaold); %sgradi(betaold)
    if norm(betanew-betaold)<0.00000001
        break
    else
        betaold=betanew;
    end
end
bhat4=betanew;
bhat4
i

%%
% Question 2
%%
% initial Hessian & eigenvalues
heini=-(sdi(binit)'*sdi(binit))
eini=eig(heini)
%%
% estimated Hessian & eigenvalues
hees=-(sdi(bhat4)'*sdi(bhat4))
ees=eig(hees)
%%
% Question 3
options = optimoptions('fminunc','Display','iter','GradObj','off','Algorithm','quasi-newton','HessUpdate','bfgs');
[bnls,nlsv,exitflag4,output4]=fminunc(@NLLS,binit);
bnls
output4.iterations
output4.funcCount
%%
% Question 4
%%
% Covairance Matrix for BHHH estimator
covmle=(sdi(bhat4)'*sdi(bhat4)/n)^-1
%%
% Covairance Matrix for NLS estimator
covnls=(lsdi(bnls)'*lsdi(bnls)/n)^-1



##### SOURCE END #####
--></body></html>